method,episode,step,time_h,base_cum,decayed_cum,penalty_cum,base_add,decayed_add,penalty_add
Softmax,0,1,0.0005555555555555556,0,0,0,0,0,0
Softmax,0,2,0.0011111111111111111,0,0,0,0,0,0
Softmax,0,3,0.0016666666666666666,0,0,0,0,0,0
Softmax,0,4,0.0022222222222222222,0,0,0,0,0,0
Softmax,0,5,0.002777777777777778,0,0,0,0,0,0
Softmax,0,6,0.0033333333333333335,0,0,0,0,0,0
Softmax,0,7,0.003888888888888889,0,0,0,0,0,0
Softmax,0,8,0.0044444444444444444,0,0,0,0,0,0
Softmax,0,9,0.005,0,0,0,0,0,0
Softmax,0,10,0.005555555555555556,0,0,0,0,0,0
Softmax,0,11,0.006111111111111111,0,0,0,0,0,0
Softmax,0,12,0.006666666666666667,252,252,0,252,252,0
Softmax,0,13,0.007222222222222223,537,537,0,285,285,0
Softmax,0,14,0.007777777777777778,795,795,0,258,258,0
Softmax,0,15,0.008333333333333333,795,795,0,0,0,0
Softmax,0,16,0.008888888888888889,795,795,0,0,0,0
Softmax,0,17,0.009444444444444445,795,795,0,0,0,0
Softmax,0,18,0.01,795,795,0,0,0,0
Softmax,0,19,0.010555555555555556,795,795,0,0,0,0
Softmax,0,20,0.011111111111111112,795,795,0,0,0,0
Softmax,0,21,0.011666666666666667,1011,1011,0,216,216,0
Softmax,0,22,0.012222222222222223,1428,1428,0,417,417,0
Softmax,0,23,0.012777777777777779,1428,1428,0,0,0,0
Softmax,0,24,0.013333333333333334,1929,1929,0,501,501,0
Softmax,0,25,0.01388888888888889,1929,1929,0,0,0,0
Softmax,0,26,0.014444444444444446,1929,1929,0,0,0,0
Softmax,0,27,0.015000000000000001,1929,1929,0,0,0,0
Softmax,0,28,0.015555555555555557,2223,2223,0,294,294,0
Softmax,0,29,0.01611111111111111,2223,2223,0,0,0,0
Softmax,0,30,0.016666666666666666,2223,2223,0,0,0,0
Softmax,0,31,0.017222222222222222,2223,2223,0,0,0,0
Softmax,0,32,0.017777777777777778,2466,2466,0,243,243,0
Softmax,0,33,0.018333333333333333,2466,2466,0,0,0,0
Softmax,0,34,0.01888888888888889,2712,2712,0,246,246,0
Softmax,0,35,0.019444444444444445,2712,2712,0,0,0,0
Softmax,0,36,0.02,2712,2712,0,0,0,0
Softmax,0,37,0.020555555555555556,2712,2712,0,0,0,0
Softmax,0,38,0.021111111111111112,2904,2904,0,192,192,0
Softmax,0,39,0.021666666666666667,2904,2904,0,0,0,0
Softmax,0,40,0.022222222222222223,3156,3156,0,252,252,0
Softmax,0,41,0.02277777777777778,3156,3156,0,0,0,0
Softmax,0,42,0.023333333333333334,3156,3156,0,0,0,0
Softmax,0,43,0.02388888888888889,3156,3156,0,0,0,0
Softmax,0,44,0.024444444444444446,3156,3156,0,0,0,0
Softmax,0,45,0.025,3156,3156,0,0,0,0
Softmax,0,46,0.025555555555555557,3309,3309,0,153,153,0
Softmax,0,47,0.026111111111111113,3309,3309,0,0,0,0
Softmax,0,48,0.02666666666666667,3309,3309,0,0,0,0
Softmax,0,49,0.027222222222222224,3309,3309,0,0,0,0
Softmax,0,50,0.02777777777777778,3491,3491,0,182,182,0
Softmax,0,51,0.028333333333333335,3491,3491,0,0,0,0
Softmax,0,52,0.02888888888888889,3491,3491,0,0,0,0
Softmax,0,53,0.029444444444444447,3491,3491,0,0,0,0
Softmax,0,54,0.030000000000000002,3491,3491,0,0,0,0
Softmax,0,55,0.030555555555555558,3491,3491,0,0,0,0
Softmax,0,56,0.031111111111111114,3491,3491,0,0,0,0
Softmax,0,57,0.03166666666666667,3491,3491,0,0,0,0
Softmax,0,58,0.03222222222222222,3491,3491,0,0,0,0
Softmax,0,59,0.032777777777777774,3491,3491,0,0,0,0
Softmax,0,60,0.033333333333333326,3491,3491,0,0,0,0
Softmax,0,61,0.03388888888888888,3710,3710,0,219,219,0
Softmax,0,62,0.03444444444444443,3887,3887,0,177,177,0
Softmax,0,63,0.03499999999999998,4154,4154,0,267,267,0
Softmax,0,64,0.035555555555555535,4154,4154,0,0,0,0
Softmax,0,65,0.03611111111111109,4154,4154,0,0,0,0
Softmax,0,66,0.03666666666666664,4154,4154,0,0,0,0
Softmax,0,67,0.03722222222222219,4278,4278,0,124,124,0
Softmax,0,68,0.037777777777777743,4278,4278,0,0,0,0
Softmax,0,69,0.038333333333333296,4392,4392,0,114,114,0
Softmax,0,70,0.03888888888888885,4392,4392,0,0,0,0
Softmax,0,71,0.0394444444444444,4392,4392,0,0,0,0
Softmax,0,72,0.03999999999999995,4476,4476,0,84,84,0
Softmax,0,73,0.040555555555555504,4476,4476,0,0,0,0
Softmax,0,74,0.04111111111111106,4632,4632,0,156,156,0
Softmax,0,75,0.04166666666666661,4632,4632,0,0,0,0
Softmax,0,76,0.04222222222222216,4632,4632,0,0,0,0
Softmax,0,77,0.04277777777777771,4632,4632,0,0,0,0
Softmax,0,78,0.043333333333333265,4632,4632,0,0,0,0
Softmax,0,79,0.04388888888888882,4802,4802,0,170,170,0
Softmax,0,80,0.04444444444444437,4802,4802,0,0,0,0
Softmax,0,81,0.04499999999999992,4802,4802,0,0,0,0
Softmax,0,82,0.045555555555555474,4802,4802,0,0,0,0
Softmax,0,83,0.046111111111111026,4802,4802,0,0,0,0
Softmax,0,84,0.04666666666666658,4900,4900,0,98,98,0
Softmax,0,85,0.04722222222222213,4900,4900,0,0,0,0
Softmax,0,86,0.04777777777777768,4900,4900,0,0,0,0
Softmax,0,87,0.048333333333333235,5053,5053,0,153,153,0
Softmax,0,88,0.04888888888888879,5197,5197,0,144,144,0
Softmax,0,89,0.04944444444444434,5197,5197,0,0,0,0
Softmax,0,90,0.04999999999999989,5446,5446,0,249,249,0
Softmax,0,91,0.050555555555555444,5677,5677,0,231,231,0
Softmax,0,92,0.051111111111110996,5677,5677,0,0,0,0
Softmax,0,93,0.05166666666666655,5677,5677,0,0,0,0
Softmax,0,94,0.0522222222222221,5677,5677,0,0,0,0
Softmax,0,95,0.05277777777777765,5677,5677,0,0,0,0
Softmax,0,96,0.053333333333333205,5677,5677,0,0,0,0
Softmax,0,97,0.05388888888888876,5677,5677,0,0,0,0
Softmax,0,98,0.05444444444444431,5770,5770,0,93,93,0
Softmax,0,99,0.05499999999999986,6013,6013,0,243,243,0
Softmax,0,100,0.055555555555555414,6125,6125,0,112,112,0
Softmax,0,101,0.056111111111110966,6125,6125,0,0,0,0
Softmax,0,102,0.05666666666666652,6316,6316,0,191,191,0
Softmax,0,103,0.05722222222222207,6316,6316,0,0,0,0
Softmax,0,104,0.05777777777777762,6415,6415,0,99,99,0
Softmax,0,105,0.058333333333333175,6490,6490,0,75,75,0
Softmax,0,106,0.05888888888888873,6558,6558,0,68,68,0
Softmax,0,107,0.05944444444444428,6558,6558,0,0,0,0
Softmax,0,108,0.05999999999999983,6558,6558,0,0,0,0
Softmax,0,109,0.06055555555555538,6558,6558,0,0,0,0
Softmax,0,110,0.061111111111110936,6558,6558,0,0,0,0
Softmax,0,111,0.06166666666666649,6646,6646,0,88,88,0
Softmax,0,112,0.06222222222222204,6646,6646,0,0,0,0
Softmax,0,113,0.0627777777777776,6646,6646,0,0,0,0
Softmax,0,114,0.06333333333333316,6646,6646,0,0,0,0
Softmax,0,115,0.06388888888888872,6646,6646,0,0,0,0
Softmax,0,116,0.06444444444444428,6646,6646,0,0,0,0
Softmax,0,117,0.06499999999999984,6865,6865,0,219,219,0
Softmax,0,118,0.0655555555555554,6993,6993,0,128,128,0
Softmax,0,119,0.06611111111111095,6993,6993,0,0,0,0
Softmax,0,120,0.06666666666666651,6993,6993,0,0,0,0
Softmax,0,121,0.06722222222222207,6993,6993,0,0,0,0
Softmax,0,122,0.06777777777777763,7287,7287,0,294,294,0
Softmax,0,123,0.06833333333333319,7287,7287,0,0,0,0
Softmax,0,124,0.06888888888888875,7287,7287,0,0,0,0
Softmax,0,125,0.06944444444444431,7287,7287,0,0,0,0
Softmax,0,126,0.06999999999999987,7435,7435,0,148,148,0
Softmax,0,127,0.07055555555555543,7435,7435,0,0,0,0
Softmax,0,128,0.07111111111111099,7435,7435,0,0,0,0
Softmax,0,129,0.07166666666666655,7435,7435,0,0,0,0
Softmax,0,130,0.0722222222222221,7435,7435,0,0,0,0
Softmax,0,131,0.07277777777777766,7435,7435,0,0,0,0
Softmax,0,132,0.07333333333333322,7605,7605,0,170,170,0
Softmax,0,133,0.07388888888888878,7749,7749,0,144,144,0
Softmax,0,134,0.07444444444444434,7749,7749,0,0,0,0
Softmax,0,135,0.0749999999999999,7749,7749,0,0,0,0
Softmax,0,136,0.07555555555555546,7968,7968,0,219,219,0
Softmax,0,137,0.07611111111111102,8160,8160,0,192,192,0
Softmax,0,138,0.07666666666666658,8160,8160,0,0,0,0
Softmax,0,139,0.07722222222222214,8394,8394,0,234,234,0
Softmax,0,140,0.0777777777777777,8394,8394,0,0,0,0
Softmax,0,141,0.07833333333333325,8394,8394,0,0,0,0
Softmax,0,142,0.07888888888888881,8394,8394,0,0,0,0
Softmax,0,143,0.07944444444444437,8394,8394,0,0,0,0
Softmax,0,144,0.07999999999999993,8394,8394,0,0,0,0
Softmax,0,145,0.08055555555555549,8394,8394,0,0,0,0
Softmax,0,146,0.08111111111111105,8486,8486,0,92,92,0
Softmax,0,147,0.08166666666666661,8486,8486,0,0,0,0
Softmax,0,148,0.08222222222222217,8486,8486,0,0,0,0
Softmax,0,149,0.08277777777777773,8486,8486,0,0,0,0
Softmax,0,150,0.08333333333333329,8533,8533,0,47,47,0
Softmax,0,151,0.08388888888888885,8533,8533,0,0,0,0
Softmax,0,152,0.0844444444444444,8533,8533,0,0,0,0
Softmax,0,153,0.08499999999999996,8715,8715,0,182,182,0
Softmax,0,154,0.08555555555555552,8715,8715,0,0,0,0
Softmax,0,155,0.08611111111111108,8715,8715,0,0,0,0
Softmax,0,156,0.08666666666666664,8715,8715,0,0,0,0
Softmax,0,157,0.0872222222222222,8715,8715,0,0,0,0
Softmax,0,158,0.08777777777777776,8886,8886,0,171,171,0
Softmax,0,159,0.08833333333333332,8886,8886,0,0,0,0
Softmax,0,160,0.08888888888888888,9153,9153,0,267,267,0
Softmax,0,161,0.08944444444444444,9402,9402,0,249,249,0
Softmax,0,162,0.09,9530,9530,0,128,128,0
Softmax,0,163,0.09055555555555556,9530,9530,0,0,0,0
Softmax,0,164,0.09111111111111111,9597,9597,0,67,67,0
Softmax,0,165,0.09166666666666667,9691,9691,0,94,94,0
Softmax,0,166,0.09222222222222223,9691,9691,0,0,0,0
Softmax,0,167,0.09277777777777779,9691,9691,0,0,0,0
Softmax,0,168,0.09333333333333335,9691,9691,0,0,0,0
Softmax,0,169,0.09388888888888891,9691,9691,0,0,0,0
Softmax,0,170,0.09444444444444447,9844,9844,0,153,153,0
Softmax,0,171,0.09500000000000003,9844,9844,0,0,0,0
Softmax,0,172,0.09555555555555559,9932,9932,0,88,88,0
Softmax,0,173,0.09611111111111115,9932,9932,0,0,0,0
Softmax,0,174,0.0966666666666667,9932,9932,0,0,0,0
Softmax,0,175,0.09722222222222227,9932,9932,0,0,0,0
Softmax,0,176,0.09777777777777782,10217,10217,0,285,285,0
Softmax,0,177,0.09833333333333338,10290,10290,0,73,73,0
Softmax,0,178,0.09888888888888894,10290,10290,0,0,0,0
Softmax,0,179,0.0994444444444445,10414,10414,0,124,124,0
Softmax,0,180,0.10000000000000006,10414,10414,0,0,0,0
Softmax,0,181,0.10055555555555562,10414,10414,0,0,0,0
Softmax,0,182,0.10111111111111118,10493,10493,0,79,79,0
Softmax,0,183,0.10166666666666674,10493,10493,0,0,0,0
Softmax,0,184,0.1022222222222223,10493,10493,0,0,0,0
Softmax,0,185,0.10277777777777786,10493,10493,0,0,0,0
Softmax,0,186,0.10333333333333342,10493,10493,0,0,0,0
Softmax,0,187,0.10388888888888897,10493,10493,0,0,0,0
Softmax,0,188,0.10444444444444453,10493,10493,0,0,0,0
Softmax,0,189,0.1050000000000001,10493,10493,0,0,0,0
Softmax,0,190,0.10555555555555565,10493,10493,0,0,0,0
Softmax,0,191,0.10611111111111121,10493,10493,0,0,0,0
Softmax,0,192,0.10666666666666677,10493,10493,0,0,0,0
Softmax,0,193,0.10722222222222233,10493,10493,0,0,0,0
Softmax,0,194,0.10777777777777789,10493,10493,0,0,0,0
Softmax,0,195,0.10833333333333345,10709,10709,0,216,216,0
Softmax,0,196,0.10888888888888901,10709,10709,0,0,0,0
Softmax,0,197,0.10944444444444457,10709,10709,0,0,0,0
Softmax,0,198,0.11000000000000013,10967,10967,0,258,258,0
Softmax,0,199,0.11055555555555568,11144,11144,0,177,177,0
Softmax,0,200,0.11111111111111124,11144,11144,0,0,0,0
Softmax,0,201,0.1116666666666668,11144,11144,0,0,0,0
Softmax,0,202,0.11222222222222236,11144,11144,0,0,0,0
Softmax,0,203,0.11277777777777792,11169,11169,0,25,25,0
Softmax,0,204,0.11333333333333348,11241,11241,0,72,72,0
Softmax,0,205,0.11388888888888904,11397,11397,0,156,156,0
Softmax,0,206,0.1144444444444446,11397,11397,0,0,0,0
Softmax,0,207,0.11500000000000016,11397,11397,0,0,0,0
Softmax,0,208,0.11555555555555572,11481,11481,0,84,84,0
Softmax,0,209,0.11611111111111128,11481,11481,0,0,0,0
Softmax,0,210,0.11666666666666684,11531,11531,0,50,50,0
Softmax,0,211,0.1172222222222224,11621,11621,0,90,90,0
Softmax,0,212,0.11777777777777795,11661,11661,0,40,40,0
Softmax,0,213,0.11833333333333351,11661,11661,0,0,0,0
Softmax,0,214,0.11888888888888907,11722,11722,0,61,61,0
Softmax,0,215,0.11944444444444463,11722,11722,0,0,0,0
Softmax,0,216,0.12000000000000019,11722,11722,0,0,0,0
Softmax,0,217,0.12055555555555575,11722,11722,0,0,0,0
Softmax,0,218,0.12111111111111131,11722,11722,0,0,0,0
Softmax,0,219,0.12166666666666687,11722,11722,0,0,0,0
Softmax,0,220,0.12222222222222243,11722,11722,0,0,0,0
Softmax,0,221,0.12277777777777799,11722,11722,0,0,0,0
Softmax,0,222,0.12333333333333354,11987,11987,0,265,265,0
Softmax,0,223,0.1238888888888891,11987,11987,0,0,0,0
Softmax,0,224,0.12444444444444466,11987,11987,0,0,0,0
Softmax,0,225,0.12500000000000022,11987,11987,0,0,0,0
Softmax,0,226,0.12555555555555578,12074,12074,0,87,87,0
Softmax,0,227,0.12611111111111134,12074,12074,0,0,0,0
Softmax,0,228,0.1266666666666669,12074,12074,0,0,0,0
Softmax,0,229,0.12722222222222246,12074,12074,0,0,0,0
Softmax,0,230,0.12777777777777802,12074,12074,0,0,0,0
Softmax,0,231,0.12833333333333358,12124,12124,0,50,50,0
Softmax,0,232,0.12888888888888914,12124,12124,0,0,0,0
Softmax,0,233,0.1294444444444447,12197,12197,0,73,73,0
Softmax,0,234,0.13000000000000025,12197,12197,0,0,0,0
Softmax,0,235,0.1305555555555558,12197,12197,0,0,0,0
Softmax,0,236,0.13111111111111137,12197,12197,0,0,0,0
Softmax,0,237,0.13166666666666693,12296,12296,0,99,99,0
Softmax,0,238,0.1322222222222225,12296,12296,0,0,0,0
Softmax,0,239,0.13277777777777805,12392,12392,0,96,96,0
Softmax,0,240,0.1333333333333336,12486,12486,0,94,94,0
Softmax,0,241,0.13388888888888917,12486,12486,0,0,0,0
Softmax,0,242,0.13444444444444473,12529,12529,0,43,43,0
Softmax,0,243,0.1350000000000003,12529,12529,0,0,0,0
Softmax,0,244,0.13555555555555585,12529,12529,0,0,0,0
Softmax,0,245,0.1361111111111114,12614,12614,0,85,85,0
Softmax,0,246,0.13666666666666696,12614,12614,0,0,0,0
Softmax,0,247,0.13722222222222252,12674,12674,0,60,60,0
Softmax,0,248,0.13777777777777808,12674,12674,0,0,0,0
Softmax,0,249,0.13833333333333364,12674,12674,0,0,0,0
Softmax,0,250,0.1388888888888892,12800,12800,0,126,126,0
Softmax,0,251,0.13944444444444476,12800,12800,0,0,0,0
Softmax,0,252,0.14000000000000032,12800,12800,0,0,0,0
Softmax,0,253,0.14055555555555588,12800,12800,0,0,0,0
Softmax,0,254,0.14111111111111144,12800,12800,0,0,0,0
Softmax,0,255,0.141666666666667,12800,12800,0,0,0,0
Softmax,0,256,0.14222222222222256,12800,12800,0,0,0,0
Softmax,0,257,0.14277777777777811,12800,12800,0,0,0,0
Softmax,0,258,0.14333333333333367,12800,12800,0,0,0,0
Softmax,0,259,0.14388888888888923,12800,12800,0,0,0,0
Softmax,0,260,0.1444444444444448,12800,12800,0,0,0,0
Softmax,0,261,0.14500000000000035,12800,12800,0,0,0,0
Softmax,0,262,0.1455555555555559,12800,12800,0,0,0,0
Softmax,0,263,0.14611111111111147,12881,12881,0,81,81,0
Softmax,0,264,0.14666666666666703,12881,12881,0,0,0,0
Softmax,0,265,0.1472222222222226,12881,12881,0,0,0,0
Softmax,0,266,0.14777777777777815,12881,12881,0,0,0,0
Softmax,0,267,0.1483333333333337,12967,12967,0,86,86,0
Softmax,0,268,0.14888888888888926,12967,12967,0,0,0,0
Softmax,0,269,0.14944444444444482,12967,12967,0,0,0,0
Softmax,0,270,0.15000000000000038,12967,12967,0,0,0,0
Softmax,0,271,0.15055555555555594,13052,13052,0,85,85,0
Softmax,0,272,0.1511111111111115,13052,13052,0,0,0,0
Softmax,0,273,0.15166666666666706,13096,13096,0,44,44,0
Softmax,0,274,0.15222222222222262,13096,13096,0,0,0,0
Softmax,0,275,0.15277777777777818,13096,13096,0,0,0,0
Softmax,0,276,0.15333333333333374,13190,13190,0,94,94,0
Softmax,0,277,0.1538888888888893,13190,13190,0,0,0,0
Softmax,0,278,0.15444444444444486,13239,13239,0,49,49,0
Softmax,0,279,0.15500000000000042,13239,13239,0,0,0,0
Softmax,0,280,0.15555555555555597,13316,13316,0,77,77,0
Softmax,0,281,0.15611111111111153,13316,13316,0,0,0,0
Softmax,0,282,0.1566666666666671,13316,13316,0,0,0,0
Softmax,0,283,0.15722222222222265,13316,13316,0,0,0,0
Softmax,0,284,0.1577777777777782,13316,13316,0,0,0,0
Softmax,0,285,0.15833333333333377,13439,13439,0,123,123,0
Softmax,0,286,0.15888888888888933,13439,13439,0,0,0,0
Softmax,0,287,0.1594444444444449,13439,13439,0,0,0,0
Softmax,0,288,0.16000000000000045,13471,13471,0,32,32,0
Softmax,0,289,0.160555555555556,13471,13471,0,0,0,0
Softmax,0,290,0.16111111111111157,13471,13471,0,0,0,0
Softmax,0,291,0.16166666666666712,13520,13520,0,49,49,0
Softmax,0,292,0.16222222222222268,13520,13520,0,0,0,0
Softmax,0,293,0.16277777777777824,13520,13520,0,0,0,0
Softmax,0,294,0.1633333333333338,13520,13520,0,0,0,0
Softmax,0,295,0.16388888888888936,13585,13585,0,65,65,0
Softmax,0,296,0.16444444444444492,13585,13585,0,0,0,0
Softmax,0,297,0.16500000000000048,13585,13585,0,0,0,0
Softmax,0,298,0.16555555555555604,13585,13585,0,0,0,0
Softmax,0,299,0.1661111111111116,13600,13600,0,15,15,0
Softmax,0,300,0.16666666666666716,13638,13638,0,38,38,0
